-8.434519123469999613e+01 -2.087400000000000091e+03
-8.434398988169999711e+01 -2.085000000000000000e+03
-8.434278903559999208e+01 -2.082900000000000091e+03
-8.434158768259999306e+01 -2.081199999999999818e+03
-8.434038683649998802e+01 -2.079500000000000000e+03
-8.433918599039999719e+01 -2.077400000000000091e+03
-8.433798463739999818e+01 -2.074599999999999909e+03
-8.432916153599998665e+01 -2.051699999999999818e+03
-8.432796068989999583e+01 -2.048699999999999818e+03
-8.432675933689999681e+01 -2.045900000000000091e+03
-8.432555849079999177e+01 -2.043299999999999955e+03
-8.432435713779999276e+01 -2.040700000000000045e+03
-8.432315629169998772e+01 -2.038099999999999909e+03
-8.431313183729999139e+01 -2.023200000000000045e+03
-8.431193099120000056e+01 -2.021200000000000045e+03
-8.431073014509999553e+01 -2.019000000000000000e+03
-8.430952879209999651e+01 -2.016599999999999909e+03
-8.430832794599999147e+01 -2.014299999999999955e+03
-8.430712659299999245e+01 -2.012000000000000000e+03
-8.429710264549999010e+01 -2.011000000000000000e+03
-8.429590129249999109e+01 -2.011200000000000045e+03
-8.429470044640000026e+01 -2.010900000000000091e+03
-8.429349960029999522e+01 -2.010200000000000045e+03
-8.429229824729999621e+01 -2.009099999999999909e+03
-8.429109740119999117e+01 -2.007799999999999955e+03
-8.428107294679999484e+01 -2.004900000000000091e+03
-8.427987210069998980e+01 -2.006400000000000091e+03
-8.427867074769999078e+01 -2.008299999999999955e+03
-8.427746990159999996e+01 -2.010400000000000091e+03
-8.427626854860000094e+01 -2.012400000000000091e+03
-8.427506770249999590e+01 -2.014099999999999909e+03
-8.426504324809999957e+01 -2.012200000000000045e+03
-8.426384240199999454e+01 -2.009900000000000091e+03
-8.426264155589998950e+01 -2.006900000000000091e+03
-8.426144020289999048e+01 -2.002799999999999955e+03
-8.426023935679999965e+01 -1.997900000000000091e+03
-8.425903800380000064e+01 -1.992599999999999909e+03
-8.424901405629999829e+01 -1.982500000000000000e+03
-8.424781270329999927e+01 -1.982500000000000000e+03
-8.424661185719999423e+01 -1.981900000000000091e+03
-8.424541101109998920e+01 -1.980799999999999955e+03
-8.424420965809999018e+01 -1.979200000000000045e+03
-8.424300881199999935e+01 -1.977299999999999955e+03
-8.423418571059998783e+01 -1.969200000000000045e+03
-8.423298435759998881e+01 -1.969099999999999909e+03
-8.423178351149999799e+01 -1.969299999999999955e+03
-8.423058215849999897e+01 -1.969400000000000091e+03
-8.422938131239999393e+01 -1.969299999999999955e+03
-8.422818046629998889e+01 -1.968700000000000045e+03
-8.422697911329998988e+01 -1.967599999999999909e+03
-8.421815601189999256e+01 -1.952400000000000091e+03
-8.421695516579998753e+01 -1.949400000000000091e+03
-8.421575381279998851e+01 -1.946400000000000091e+03
-8.421455296669999768e+01 -1.943500000000000000e+03
-8.421335161369999867e+01 -1.940500000000000000e+03
-8.421215076759999363e+01 -1.937299999999999955e+03
-8.421094941459999461e+01 -1.934000000000000000e+03
-8.420212631319999730e+01 -1.915500000000000000e+03
-8.420092546709999226e+01 -1.912200000000000045e+03
-8.419972411409999324e+01 -1.909000000000000000e+03
-8.419852326799998821e+01 -1.905900000000000091e+03
-8.419732242189999738e+01 -1.903000000000000000e+03
-8.419612106889999836e+01 -1.900299999999999955e+03
-8.418609712139999601e+01 -1.884700000000000045e+03
-8.418489576839999700e+01 -1.882500000000000000e+03
-8.418369492229999196e+01 -1.880299999999999955e+03
-8.418249356929999294e+01 -1.878099999999999909e+03
-8.418129272319998790e+01 -1.875900000000000091e+03
-8.418009187709999708e+01 -1.873799999999999955e+03
-8.417006742269998654e+01 -1.870799999999999955e+03
-8.416886657659999571e+01 -1.870299999999999955e+03
-8.416766522359999669e+01 -1.869400000000000091e+03
-8.416646437749999166e+01 -1.868400000000000091e+03
-8.416526302449999264e+01 -1.867500000000000000e+03
-8.416406217839998760e+01 -1.866700000000000045e+03
-8.415403772399999127e+01 -1.872000000000000000e+03
-8.415283687790000045e+01 -1.872799999999999955e+03
-8.415163603179999541e+01 -1.873200000000000045e+03
-8.415043467879999639e+01 -1.873200000000000045e+03
-8.414923383269999135e+01 -1.872900000000000091e+03
-8.414803247969999234e+01 -1.872200000000000045e+03
-8.413800853219998999e+01 -1.856099999999999909e+03
-8.413680717919999097e+01 -1.851599999999999909e+03
-8.413560633310000014e+01 -1.847900000000000091e+03
-8.413440498010000113e+01 -1.845700000000000045e+03
-8.413320413399999609e+01 -1.845400000000000091e+03
-8.413200328789999105e+01 -1.846299999999999955e+03
-8.412197883349999472e+01 -1.855599999999999909e+03
-8.412077798739998968e+01 -1.856299999999999955e+03
-8.411957663439999067e+01 -1.856599999999999909e+03
-8.411837578829999984e+01 -1.856599999999999909e+03
-8.411717443530000082e+01 -1.856799999999999955e+03
-8.411597358919999579e+01 -1.857500000000000000e+03
-8.410594913479999946e+01 -1.840099999999999909e+03
-8.410474828869999442e+01 -1.835500000000000000e+03
-8.410354744259998938e+01 -1.833900000000000091e+03
-8.410234608959999036e+01 -1.835599999999999909e+03
-8.410114524349999954e+01 -1.840099999999999909e+03
-8.409994389050000052e+01 -1.846599999999999909e+03
-8.409112078909998900e+01 -1.860900000000000091e+03
-8.408991994299999817e+01 -1.856400000000000091e+03
-8.408871858999999915e+01 -1.851400000000000091e+03
-8.408751774389999412e+01 -1.846599999999999909e+03
-8.408631689779998908e+01 -1.842500000000000000e+03
-8.408511554479999006e+01 -1.839200000000000045e+03
-8.408391469869999924e+01 -1.836700000000000045e+03
-8.407509159730000192e+01 -1.831700000000000045e+03
-8.407389024429998869e+01 -1.831000000000000000e+03
-8.407268939819999787e+01 -1.830400000000000091e+03
-8.407148804519999885e+01 -1.829900000000000091e+03
-8.407028719909999381e+01 -1.829400000000000091e+03
-8.406908584609999480e+01 -1.828799999999999955e+03
-8.406788499999998976e+01 -1.828000000000000000e+03
-8.405906189859999245e+01 -1.825900000000000091e+03
-8.405786105249998741e+01 -1.824799999999999955e+03
-8.405665969949998839e+01 -1.823500000000000000e+03
-8.405545885339999757e+01 -1.822200000000000045e+03
-8.405425750039999855e+01 -1.821299999999999955e+03
-8.405305665429999351e+01 -1.821000000000000000e+03
-8.404303219989999718e+01 -1.825099999999999909e+03
-8.404183135379999214e+01 -1.823700000000000045e+03
-8.404063000079999313e+01 -1.822000000000000000e+03
-8.403942915469998809e+01 -1.820500000000000000e+03
-8.403822830859999726e+01 -1.819599999999999909e+03
-8.403702695559999825e+01 -1.819400000000000091e+03
-8.402700300809999590e+01 -1.838500000000000000e+03
-8.402580165509999688e+01 -1.842700000000000045e+03
-8.402460080899999184e+01 -1.846599999999999909e+03
-8.402339945599999282e+01 -1.850299999999999955e+03
-8.402219860989998779e+01 -1.853599999999999909e+03
-8.402099776379999696e+01 -1.856500000000000000e+03
-8.401097330940000063e+01 -1.875299999999999955e+03
-8.400977246329999559e+01 -1.876200000000000045e+03
-8.400857111029999658e+01 -1.876099999999999909e+03
-8.400737026419999154e+01 -1.875400000000000091e+03
-8.400616891119999252e+01 -1.874400000000000091e+03
-8.400496806510000170e+01 -1.874200000000000045e+03
-8.399494361069999115e+01 -1.906900000000000091e+03
-8.399374276460000033e+01 -1.910900000000000091e+03
-8.399254191849999529e+01 -1.912700000000000045e+03
-8.399134056549999627e+01 -1.913099999999999909e+03
-8.399013971939999124e+01 -1.913099999999999909e+03
-8.398893836639999222e+01 -1.913900000000000091e+03
-8.397891441889998987e+01 -1.937000000000000000e+03
-8.397771306589999085e+01 -1.941500000000000000e+03
-8.397651221980000003e+01 -1.945099999999999909e+03
-8.397531086679998680e+01 -1.947099999999999909e+03
-8.397411002069999597e+01 -1.947500000000000000e+03
-8.397290917459999093e+01 -1.946700000000000045e+03
-8.396408556629999964e+01 -1.945000000000000000e+03
-8.396288472019999460e+01 -1.945599999999999909e+03
-8.396168387409998957e+01 -1.946400000000000091e+03
-8.396048252109999055e+01 -1.947599999999999909e+03
-8.395928167499999972e+01 -1.949000000000000000e+03
-8.395808032200000071e+01 -1.950299999999999955e+03
-8.395687947589999567e+01 -1.951200000000000045e+03
-8.394805637449999836e+01 -1.958299999999999955e+03
-8.394685502149999934e+01 -1.960900000000000091e+03
-8.394565417539999430e+01 -1.963400000000000091e+03
-8.394445332929998926e+01 -1.965700000000000045e+03
-8.394325197629999025e+01 -1.967599999999999909e+03
-8.394205113019999942e+01 -1.969200000000000045e+03
-8.394084977720000040e+01 -1.970799999999999955e+03
-8.393202667579998888e+01 -1.987400000000000091e+03
-8.393082582969999805e+01 -1.990799999999999955e+03
-8.392962447669999904e+01 -1.994299999999999955e+03
-8.392842363059999400e+01 -1.997700000000000045e+03
-8.392722278449998896e+01 -2.001099999999999909e+03
-8.392602143149998994e+01 -2.004400000000000091e+03
-8.392482058539999912e+01 -2.007400000000000091e+03
-8.391599748400000180e+01 -2.008599999999999909e+03
-8.391479613099998858e+01 -2.005500000000000000e+03
-8.391359528489999775e+01 -2.002599999999999909e+03
-8.391239393189999873e+01 -2.000700000000000045e+03
-8.391119308579999370e+01 -2.000400000000000091e+03
-8.390999173279999468e+01 -2.001500000000000000e+03
-8.389996778529999233e+01 -2.009200000000000045e+03
-8.389876643229999331e+01 -2.008799999999999955e+03
-8.389756558619998827e+01 -2.008099999999999909e+03
-8.389636474009999745e+01 -2.007200000000000045e+03
-8.389516338709999843e+01 -2.006599999999999909e+03
-8.389396254099999339e+01 -2.006599999999999909e+03
-8.388393808659999706e+01 -2.014000000000000000e+03
-8.388273724049999203e+01 -2.015400000000000091e+03
-8.388153588749999301e+01 -2.017000000000000000e+03
-8.388033504139998797e+01 -2.018500000000000000e+03
-8.387913419529999715e+01 -2.019799999999999955e+03
-8.387793284229999813e+01 -2.021000000000000000e+03
-8.386790889479999578e+01 -2.014200000000000045e+03
-8.386670754179999676e+01 -2.014200000000000045e+03
-8.386550669569999172e+01 -2.015599999999999909e+03
-8.386430534269999271e+01 -2.017900000000000091e+03
-8.386310449659998767e+01 -2.020900000000000091e+03
-8.386190365049999684e+01 -2.024000000000000000e+03
-8.385187919610000051e+01 -2.022799999999999955e+03
-8.385067834999999548e+01 -2.021200000000000045e+03
-8.384947699699999646e+01 -2.020500000000000000e+03
-8.384827615089999142e+01 -2.021000000000000000e+03
-8.384707479789999240e+01 -2.022299999999999955e+03
-8.384587395180000158e+01 -2.024000000000000000e+03
-8.383584949739999104e+01 -2.025099999999999909e+03
-8.383464865130000021e+01 -2.025299999999999955e+03
-8.383344729830000119e+01 -2.025200000000000045e+03
-8.383224645219999616e+01 -2.024700000000000045e+03
-8.383104560609999112e+01 -2.023799999999999955e+03
-8.382984425309999210e+01 -2.022700000000000045e+03
-8.382102115169999479e+01 -2.021200000000000045e+03
-8.381982030559998975e+01 -2.021900000000000091e+03
-8.381861895259999073e+01 -2.022900000000000091e+03
-8.381741810649999991e+01 -2.024000000000000000e+03
-8.381621675349998668e+01 -2.024900000000000091e+03
-8.381501590739999585e+01 -2.025500000000000000e+03
-8.381381506129999082e+01 -2.025799999999999955e+03
-8.380499145299999952e+01 -2.025700000000000045e+03
-8.380379060689999449e+01 -2.025200000000000045e+03
-8.380258976079998945e+01 -2.024799999999999955e+03
-8.380138840779999043e+01 -2.024599999999999909e+03
-8.380018756169999961e+01 -2.024599999999999909e+03
-8.379898620870000059e+01 -2.024900000000000091e+03
-8.379778536259999555e+01 -2.025200000000000045e+03
-8.378896226119999824e+01 -2.021000000000000000e+03
-8.378776090819999922e+01 -2.019799999999999955e+03
-8.378656006209999418e+01 -2.018700000000000045e+03
-8.378535921599998915e+01 -2.017500000000000000e+03
-8.378415786299999013e+01 -2.016500000000000000e+03
-8.378295701689999930e+01 -2.015900000000000091e+03
-8.378175566390000029e+01 -2.015700000000000045e+03
-8.377293256249998876e+01 -2.017099999999999909e+03
-8.377173171639999794e+01 -2.016400000000000091e+03
-8.377053036339999892e+01 -2.015500000000000000e+03
-8.376932951729999388e+01 -2.014400000000000091e+03
-8.376812816429999486e+01 -2.013099999999999909e+03
-8.376692731819998983e+01 -2.011799999999999955e+03
-8.375690337069998748e+01 -2.000700000000000045e+03
-8.375570201769998846e+01 -1.999400000000000091e+03
-8.375450117159999763e+01 -1.998200000000000045e+03
-8.375329981859999862e+01 -1.997099999999999909e+03
-8.375209897249999358e+01 -1.996000000000000000e+03
-8.375089761949999456e+01 -1.995099999999999909e+03
-8.374087367199999221e+01 -1.993099999999999909e+03
-8.373967231899999319e+01 -1.993000000000000000e+03
-8.373847147289998816e+01 -1.992900000000000091e+03
-8.373727062679999733e+01 -1.992900000000000091e+03
-8.373606927379999831e+01 -1.992900000000000091e+03
-8.373486842769999328e+01 -1.992700000000000045e+03
-8.372484397329999695e+01 -1.986900000000000091e+03
-8.372364312719999191e+01 -1.986299999999999955e+03
-8.372244177419999289e+01 -1.985599999999999909e+03
-8.372124092809998785e+01 -1.984799999999999955e+03
-8.372004008199999703e+01 -1.983900000000000091e+03
-8.371883872899999801e+01 -1.982900000000000091e+03
-8.370881478149999566e+01 -1.976000000000000000e+03
-8.370761342849999664e+01 -1.975599999999999909e+03
-8.370641258239999161e+01 -1.975299999999999955e+03
-8.370521122939999259e+01 -1.974799999999999955e+03
-8.370401038329998755e+01 -1.973900000000000091e+03
-8.370280903029998854e+01 -1.972900000000000091e+03
-8.369278508280000040e+01 -1.970700000000000045e+03
-8.369158423669999536e+01 -1.971000000000000000e+03
-8.369038288369999634e+01 -1.971599999999999909e+03
-8.368918203759999130e+01 -1.972400000000000091e+03
-8.368798068459999229e+01 -1.973299999999999955e+03
-8.368677983849998725e+01 -1.974200000000000045e+03
-8.367795673709998994e+01 -1.976000000000000000e+03
-8.367675538409999092e+01 -1.976099999999999909e+03
-8.367555453800000009e+01 -1.976200000000000045e+03
-8.367435318500000108e+01 -1.976099999999999909e+03
-8.367315233889999604e+01 -1.975799999999999955e+03
-8.367195149279999100e+01 -1.975400000000000091e+03
-8.367075013979999198e+01 -1.975000000000000000e+03
-8.366192703839999467e+01 -1.970000000000000000e+03
-8.366072619229998963e+01 -1.969099999999999909e+03
-8.365952483929999062e+01 -1.967900000000000091e+03
