-8.434519123469999613e+01 3.076999999999999886e+02
-8.434398988169999711e+01 3.076000000000000227e+02
-8.434158768259999306e+01 3.073000000000000114e+02
-8.434038683649998802e+01 3.071999999999999886e+02
-8.433918599039999719e+01 3.071000000000000227e+02
-8.432916153599998665e+01 3.056000000000000227e+02
-8.432796068989999583e+01 3.053000000000000114e+02
-8.432675933689999681e+01 3.051000000000000227e+02
-8.432555849079999177e+01 3.048999999999999773e+02
-8.432435713779999276e+01 3.046000000000000227e+02
-8.432315629169998772e+01 3.043999999999999773e+02
-8.431313183729999139e+01 3.028999999999999773e+02
-8.431193099120000056e+01 3.026000000000000227e+02
-8.431073014509999553e+01 3.023000000000000114e+02
-8.430952879209999651e+01 3.021000000000000227e+02
-8.430832794599999147e+01 3.018000000000000114e+02
-8.430712659299999245e+01 3.015000000000000000e+02
-8.429710264549999010e+01 2.993999999999999773e+02
-8.429590129249999109e+01 2.991000000000000227e+02
-8.429470044640000026e+01 2.988000000000000114e+02
-8.429349960029999522e+01 2.985000000000000000e+02
-8.429229824729999621e+01 2.983000000000000114e+02
-8.429109740119999117e+01 2.980000000000000000e+02
-8.428107294679999484e+01 2.958999999999999773e+02
-8.427987210069998980e+01 2.956999999999999886e+02
-8.427867074769999078e+01 2.953999999999999773e+02
-8.427746990159999996e+01 2.951000000000000227e+02
-8.427626854860000094e+01 2.948999999999999773e+02
-8.427506770249999590e+01 2.946000000000000227e+02
-8.426504324809999957e+01 2.928000000000000114e+02
-8.426384240199999454e+01 2.926000000000000227e+02
-8.426264155589998950e+01 2.923000000000000114e+02
-8.426144020289999048e+01 2.921000000000000227e+02
-8.426023935679999965e+01 2.918999999999999773e+02
-8.425903800380000064e+01 2.916999999999999886e+02
-8.424901405629999829e+01 2.901999999999999886e+02
-8.424781270329999927e+01 2.900000000000000000e+02
-8.424661185719999423e+01 2.898000000000000114e+02
-8.424541101109998920e+01 2.896000000000000227e+02
-8.424420965809999018e+01 2.893999999999999773e+02
-8.424300881199999935e+01 2.891999999999999886e+02
-8.423418571059998783e+01 2.883000000000000114e+02
-8.423298435759998881e+01 2.881000000000000227e+02
-8.423178351149999799e+01 2.880000000000000000e+02
-8.423058215849999897e+01 2.878000000000000114e+02
-8.422938131239999393e+01 2.876999999999999886e+02
-8.422818046629998889e+01 2.876000000000000227e+02
-8.422697911329998988e+01 2.875000000000000000e+02
-8.421815601189999256e+01 2.866999999999999886e+02
-8.421695516579998753e+01 2.866000000000000227e+02
-8.421575381279998851e+01 2.865000000000000000e+02
-8.421455296669999768e+01 2.865000000000000000e+02
-8.421335161369999867e+01 2.863999999999999773e+02
-8.421215076759999363e+01 2.863000000000000114e+02
-8.421094941459999461e+01 2.861999999999999886e+02
-8.420212631319999730e+01 2.858000000000000114e+02
-8.420092546709999226e+01 2.856999999999999886e+02
-8.419972411409999324e+01 2.856999999999999886e+02
-8.419852326799998821e+01 2.856000000000000227e+02
-8.419732242189999738e+01 2.856000000000000227e+02
-8.419612106889999836e+01 2.855000000000000000e+02
-8.418609712139999601e+01 2.853000000000000114e+02
-8.418489576839999700e+01 2.853000000000000114e+02
-8.418369492229999196e+01 2.853000000000000114e+02
-8.418249356929999294e+01 2.851999999999999886e+02
-8.418129272319998790e+01 2.851999999999999886e+02
-8.418009187709999708e+01 2.851999999999999886e+02
-8.417006742269998654e+01 2.851999999999999886e+02
-8.416886657659999571e+01 2.851999999999999886e+02
-8.416766522359999669e+01 2.851999999999999886e+02
-8.416646437749999166e+01 2.851999999999999886e+02
-8.416526302449999264e+01 2.851999999999999886e+02
-8.416406217839998760e+01 2.853000000000000114e+02
-8.415403772399999127e+01 2.856000000000000227e+02
-8.415283687790000045e+01 2.856999999999999886e+02
-8.415163603179999541e+01 2.858000000000000114e+02
-8.415043467879999639e+01 2.858999999999999773e+02
-8.414923383269999135e+01 2.860000000000000000e+02
-8.414803247969999234e+01 2.861000000000000227e+02
-8.413800853219998999e+01 2.866999999999999886e+02
-8.413680717919999097e+01 2.868000000000000114e+02
-8.413560633310000014e+01 2.868999999999999773e+02
-8.413440498010000113e+01 2.868999999999999773e+02
-8.413320413399999609e+01 2.870000000000000000e+02
-8.413200328789999105e+01 2.871000000000000227e+02
-8.412197883349999472e+01 2.876999999999999886e+02
-8.412077798739998968e+01 2.876999999999999886e+02
-8.411957663439999067e+01 2.878000000000000114e+02
-8.411837578829999984e+01 2.878999999999999773e+02
-8.411717443530000082e+01 2.880000000000000000e+02
-8.411597358919999579e+01 2.881000000000000227e+02
-8.410594913479999946e+01 2.886000000000000227e+02
-8.410474828869999442e+01 2.886999999999999886e+02
-8.410354744259998938e+01 2.888000000000000114e+02
-8.410234608959999036e+01 2.888999999999999773e+02
-8.410114524349999954e+01 2.890000000000000000e+02
-8.409994389050000052e+01 2.891000000000000227e+02
-8.409112078909998900e+01 2.896999999999999886e+02
-8.408991994299999817e+01 2.898000000000000114e+02
-8.408871858999999915e+01 2.898999999999999773e+02
-8.408751774389999412e+01 2.901000000000000227e+02
-8.408631689779998908e+01 2.901999999999999886e+02
-8.408511554479999006e+01 2.903999999999999773e+02
-8.408391469869999924e+01 2.905000000000000000e+02
-8.407509159730000192e+01 2.913000000000000114e+02
-8.407389024429998869e+01 2.913999999999999773e+02
-8.407268939819999787e+01 2.916000000000000227e+02
-8.407148804519999885e+01 2.918000000000000114e+02
-8.407028719909999381e+01 2.918999999999999773e+02
-8.406908584609999480e+01 2.921000000000000227e+02
-8.406788499999998976e+01 2.923000000000000114e+02
-8.405906189859999245e+01 2.930000000000000000e+02
-8.405786105249998741e+01 2.931999999999999886e+02
-8.405665969949998839e+01 2.933000000000000114e+02
-8.405545885339999757e+01 2.933999999999999773e+02
-8.405425750039999855e+01 2.935000000000000000e+02
-8.405305665429999351e+01 2.936999999999999886e+02
-8.404303219989999718e+01 2.943999999999999773e+02
-8.404183135379999214e+01 2.945000000000000000e+02
-8.404063000079999313e+01 2.946000000000000227e+02
-8.403942915469998809e+01 2.946999999999999886e+02
-8.403822830859999726e+01 2.948000000000000114e+02
-8.403702695559999825e+01 2.948999999999999773e+02
-8.402700300809999590e+01 2.956000000000000227e+02
-8.402580165509999688e+01 2.956999999999999886e+02
-8.402460080899999184e+01 2.958000000000000114e+02
-8.402339945599999282e+01 2.958999999999999773e+02
-8.402219860989998779e+01 2.960000000000000000e+02
-8.402099776379999696e+01 2.961000000000000227e+02
-8.401097330940000063e+01 2.968000000000000114e+02
-8.400977246329999559e+01 2.968999999999999773e+02
-8.400857111029999658e+01 2.970000000000000000e+02
-8.400737026419999154e+01 2.971000000000000227e+02
-8.400616891119999252e+01 2.971999999999999886e+02
-8.400496806510000170e+01 2.973000000000000114e+02
-8.399494361069999115e+01 2.981999999999999886e+02
-8.399374276460000033e+01 2.983000000000000114e+02
-8.399254191849999529e+01 2.983999999999999773e+02
-8.399134056549999627e+01 2.986000000000000227e+02
-8.399013971939999124e+01 2.986999999999999886e+02
-8.398893836639999222e+01 2.988999999999999773e+02
-8.397891441889998987e+01 2.998999999999999773e+02
-8.397771306589999085e+01 3.001000000000000227e+02
-8.397651221980000003e+01 3.003000000000000114e+02
-8.397531086679998680e+01 3.003999999999999773e+02
-8.397411002069999597e+01 3.006000000000000227e+02
-8.397290917459999093e+01 3.006999999999999886e+02
-8.396408556629999964e+01 3.016999999999999886e+02
-8.396288472019999460e+01 3.018000000000000114e+02
-8.396168387409998957e+01 3.020000000000000000e+02
-8.396048252109999055e+01 3.021999999999999886e+02
-8.395928167499999972e+01 3.023000000000000114e+02
-8.395808032200000071e+01 3.025000000000000000e+02
-8.395687947589999567e+01 3.026999999999999886e+02
-8.394805637449999836e+01 3.038999999999999773e+02
-8.394685502149999934e+01 3.041000000000000227e+02
-8.394565417539999430e+01 3.041999999999999886e+02
-8.394445332929998926e+01 3.043999999999999773e+02
-8.394325197629999025e+01 3.046000000000000227e+02
-8.394205113019999942e+01 3.046999999999999886e+02
-8.394084977720000040e+01 3.048999999999999773e+02
-8.393202667579998888e+01 3.060000000000000000e+02
-8.393082582969999805e+01 3.061999999999999886e+02
-8.392962447669999904e+01 3.063999999999999773e+02
-8.392842363059999400e+01 3.066000000000000227e+02
-8.392722278449998896e+01 3.066999999999999886e+02
-8.392602143149998994e+01 3.068999999999999773e+02
-8.392482058539999912e+01 3.070000000000000000e+02
-8.391599748400000180e+01 3.081999999999999886e+02
-8.391479613099998858e+01 3.083999999999999773e+02
-8.391359528489999775e+01 3.085000000000000000e+02
-8.391239393189999873e+01 3.086999999999999886e+02
-8.391119308579999370e+01 3.088999999999999773e+02
-8.390999173279999468e+01 3.091000000000000227e+02
-8.389996778529999233e+01 3.098000000000000114e+02
-8.389876643229999331e+01 3.100000000000000000e+02
-8.389756558619998827e+01 3.101000000000000227e+02
-8.389636474009999745e+01 3.101000000000000227e+02
-8.389516338709999843e+01 3.101999999999999886e+02
-8.389396254099999339e+01 3.103999999999999773e+02
-8.388393808659999706e+01 3.113000000000000114e+02
-8.388273724049999203e+01 3.115000000000000000e+02
-8.388153588749999301e+01 3.116000000000000227e+02
-8.388033504139998797e+01 3.116999999999999886e+02
-8.387913419529999715e+01 3.118999999999999773e+02
-8.387793284229999813e+01 3.120000000000000000e+02
-8.386790889479999578e+01 3.131000000000000227e+02
-8.386670754179999676e+01 3.133000000000000114e+02
-8.386550669569999172e+01 3.135000000000000000e+02
-8.386430534269999271e+01 3.136999999999999886e+02
-8.386310449659998767e+01 3.138000000000000114e+02
-8.386190365049999684e+01 3.140000000000000000e+02
-8.385187919610000051e+01 3.151999999999999886e+02
-8.385067834999999548e+01 3.155000000000000000e+02
-8.384947699699999646e+01 3.156999999999999886e+02
-8.384827615089999142e+01 3.158999999999999773e+02
-8.384707479789999240e+01 3.161000000000000227e+02
-8.384587395180000158e+01 3.161999999999999886e+02
-8.383584949739999104e+01 3.173999999999999773e+02
-8.383464865130000021e+01 3.176000000000000227e+02
-8.383344729830000119e+01 3.176999999999999886e+02
-8.383224645219999616e+01 3.178999999999999773e+02
-8.383104560609999112e+01 3.180000000000000000e+02
-8.382984425309999210e+01 3.181999999999999886e+02
-8.382102115169999479e+01 3.188000000000000114e+02
-8.381982030559998975e+01 3.188999999999999773e+02
-8.381861895259999073e+01 3.190000000000000000e+02
-8.381741810649999991e+01 3.191000000000000227e+02
-8.381621675349998668e+01 3.191999999999999886e+02
-8.381501590739999585e+01 3.193000000000000114e+02
-8.381381506129999082e+01 3.193000000000000114e+02
-8.380499145299999952e+01 3.198000000000000114e+02
-8.380379060689999449e+01 3.198000000000000114e+02
-8.380258976079998945e+01 3.198000000000000114e+02
-8.380138840779999043e+01 3.198000000000000114e+02
-8.380018756169999961e+01 3.198000000000000114e+02
-8.379898620870000059e+01 3.198000000000000114e+02
-8.379778536259999555e+01 3.196999999999999886e+02
-8.378896226119999824e+01 3.195000000000000000e+02
-8.378776090819999922e+01 3.193999999999999773e+02
-8.378656006209999418e+01 3.193000000000000114e+02
-8.378535921599998915e+01 3.191999999999999886e+02
-8.378415786299999013e+01 3.191000000000000227e+02
-8.378295701689999930e+01 3.190000000000000000e+02
-8.378175566390000029e+01 3.190000000000000000e+02
-8.377293256249998876e+01 3.183000000000000114e+02
-8.377173171639999794e+01 3.181000000000000227e+02
-8.377053036339999892e+01 3.180000000000000000e+02
-8.376932951729999388e+01 3.178000000000000114e+02
-8.376812816429999486e+01 3.176999999999999886e+02
-8.376692731819998983e+01 3.176000000000000227e+02
-8.375690337069998748e+01 3.166999999999999886e+02
-8.375570201769998846e+01 3.165000000000000000e+02
-8.375450117159999763e+01 3.163999999999999773e+02
-8.375329981859999862e+01 3.161999999999999886e+02
-8.375209897249999358e+01 3.161000000000000227e+02
-8.375089761949999456e+01 3.160000000000000000e+02
-8.374087367199999221e+01 3.151000000000000227e+02
-8.373967231899999319e+01 3.150000000000000000e+02
-8.373847147289998816e+01 3.148000000000000114e+02
-8.373727062679999733e+01 3.146999999999999886e+02
-8.373606927379999831e+01 3.145000000000000000e+02
-8.373486842769999328e+01 3.143999999999999773e+02
-8.372484397329999695e+01 3.133999999999999773e+02
-8.372364312719999191e+01 3.131999999999999886e+02
-8.372244177419999289e+01 3.131000000000000227e+02
-8.372124092809998785e+01 3.128999999999999773e+02
-8.372004008199999703e+01 3.128000000000000114e+02
-8.371883872899999801e+01 3.126999999999999886e+02
-8.370881478149999566e+01 3.113999999999999773e+02
-8.370761342849999664e+01 3.113000000000000114e+02
-8.370641258239999161e+01 3.111000000000000227e+02
-8.370521122939999259e+01 3.108000000000000114e+02
-8.370401038329998755e+01 3.105000000000000000e+02
-8.370280903029998854e+01 3.101000000000000227e+02
-8.369278508280000040e+01 3.090000000000000000e+02
-8.369158423669999536e+01 3.088999999999999773e+02
-8.369038288369999634e+01 3.086999999999999886e+02
-8.368918203759999130e+01 3.085000000000000000e+02
-8.368798068459999229e+01 3.083999999999999773e+02
-8.368677983849998725e+01 3.081999999999999886e+02
-8.367795673709998994e+01 3.073000000000000114e+02
-8.367675538409999092e+01 3.071999999999999886e+02
-8.367555453800000009e+01 3.070000000000000000e+02
-8.367435318500000108e+01 3.068000000000000114e+02
-8.367315233889999604e+01 3.066999999999999886e+02
-8.367195149279999100e+01 3.065000000000000000e+02
-8.367075013979999198e+01 3.063999999999999773e+02
-8.366192703839999467e+01 3.053999999999999773e+02
-8.366072619229998963e+01 3.053000000000000114e+02
-8.365952483929999062e+01 3.051000000000000227e+02
-8.365832399319999979e+01 3.050000000000000000e+02
-8.365712264019998656e+01 3.048999999999999773e+02
-8.365592179409999574e+01 3.046999999999999886e+02
-8.365472094799999070e+01 3.046000000000000227e+02
-8.364589733969999941e+01 3.040000000000000000e+02
-8.364469649359999437e+01 3.038999999999999773e+02
-8.364349564749998933e+01 3.038000000000000114e+02
-8.364229429449999031e+01 3.036999999999999886e+02
-8.364109344839999949e+01 3.035000000000000000e+02
-8.363989209540000047e+01 3.033999999999999773e+02
-8.362986814789999812e+01 3.020000000000000000e+02
-8.362866679489999910e+01 3.018000000000000114e+02
-8.362746594879999407e+01 3.016000000000000227e+02
-8.362626510269998903e+01 3.013000000000000114e+02
-8.362506374969999001e+01 3.011000000000000227e+02
-8.362386290359999919e+01 3.008999999999999773e+02
-8.361383844919998864e+01 2.991999999999999886e+02
-8.361263760309999782e+01 2.990000000000000000e+02
-8.361143625009999880e+01 2.988000000000000114e+02
-8.361023540399999376e+01 2.986999999999999886e+02
-8.360903405099999475e+01 2.985000000000000000e+02
-8.360783320489998971e+01 2.983999999999999773e+02
-8.359780875049999338e+01 2.973000000000000114e+02
-8.359660790439998834e+01 2.971999999999999886e+02
-8.359540705829999752e+01 2.971000000000000227e+02
-8.359420570529999850e+01 2.968999999999999773e+02
-8.359300485919999346e+01 2.966999999999999886e+02
-8.359180350619999444e+01 2.965000000000000000e+02
-8.358177955869999209e+01 2.948999999999999773e+02
-8.358057820569999308e+01 2.946999999999999886e+02
-8.357937735959998804e+01 2.945000000000000000e+02
-8.357817651349999721e+01 2.943000000000000114e+02
-8.357697516049999820e+01 2.941000000000000227e+02
-8.357577431439999316e+01 2.938999999999999773e+02
-8.356574985999999683e+01 2.923999999999999773e+02
-8.356454901389999179e+01 2.921999999999999886e+02
-8.356334766089999277e+01 2.921000000000000227e+02
-8.356214681480000195e+01 2.918999999999999773e+02
-8.356094596869999691e+01 2.916999999999999886e+02
-8.355974461569999789e+01 2.915000000000000000e+02
-8.354972066819999554e+01 2.900000000000000000e+02
-8.354851931519999653e+01 2.898999999999999773e+02
-8.354731846909999149e+01 2.896999999999999886e+02
-8.354611711609999247e+01 2.895000000000000000e+02
-8.354491626999998743e+01 2.893000000000000114e+02
-8.354371491699998842e+01 2.891000000000000227e+02
